003020600900305001001806400008102900700000008006708200002609500800203009005010300
200080300060070084030500209000105408000000000402706000301007040720040060004010003
300906500000074000080001040040007003530000079100400080020700060000240000003109002
090005083600080200548000069000500400000306000007001000280000537005020001130900020
070000820001400000000008069005086000060030070000940100530200000000004600048000010
120008500508000000064050001050603900270000065006501070600080710000000209005700048
000210000009004010000080365004000038050000070390000200283040000070900100000062000
010000000000009500000483010089004051300020006270100480090745000002900000000000060
850002400720000009004000000000107002503000900040000000000080070017000000000036040
019067300000005000027000000082600170001040900045002830000000420000800000003790680
040007050106030000007090020263000000050000010000000632020060100000040907070100040

